1.295219638242880649e+02 1.002499999999999947e+00 1.000000000000000000e+00 0.000000000000000000e+00
1.298541935483846430e+02 1.006369999999999987e+00 1.000000000000000000e+00 0.000000000000000000e+00
1.300193050193041131e+02 1.010250000000000092e+00 1.000000000000000000e+00 0.000000000000000000e+00
1.301848523748401476e+02 1.014140000000000041e+00 1.000000000000000000e+00 0.000000000000000000e+00
1.301841432225074300e+02 1.018040000000000056e+00 1.000000000000000000e+00 0.000000000000000000e+00
1.301859872611479432e+02 1.021959999999999980e+00 1.000000000000000000e+00 0.000000000000000000e+00
1.301890862944144374e+02 1.025889999999999969e+00 1.000000000000000000e+00 0.000000000000000000e+00
1.303594936708857972e+02 1.029840000000000089e+00 1.000000000000000000e+00 0.000000000000000000e+00
1.305290404040416092e+02 1.033789999999999987e+00 1.000000000000000000e+00 0.000000000000000000e+00
1.305358490566017338e+02 1.037760000000000016e+00 1.000000000000000000e+00 0.000000000000000000e+00
1.307076537013796553e+02 1.041740000000000110e+00 1.000000000000000000e+00 0.000000000000000000e+00
1.308798498122662863e+02 1.045730000000000048e+00 1.000000000000000000e+00 0.000000000000000000e+00
1.310524344569312802e+02 1.049730000000000052e+00 1.000000000000000000e+00 0.000000000000000000e+00
1.310621890547255930e+02 1.053739999999999899e+00 1.000000000000000000e+00 0.000000000000000000e+00
1.312369727047117465e+02 1.057770000000000099e+00 1.000000000000000000e+00 0.000000000000000000e+00
1.314108910891111179e+02 1.061800000000000077e+00 1.000000000000000000e+00 0.000000000000000000e+00
1.314241676942072843e+02 1.065849999999999964e+00 1.000000000000000000e+00 0.000000000000000000e+00
1.317623152709338967e+02 1.069909999999999917e+00 1.000000000000000000e+00 0.000000000000000000e+00
1.319373464373458660e+02 1.073970000000000091e+00 1.000000000000000000e+00 0.000000000000000000e+00
1.319522643818847598e+02 1.078049999999999953e+00 1.000000000000000000e+00 0.000000000000000000e+00
1.322909535452310479e+02 1.082140000000000102e+00 1.000000000000000000e+00 0.000000000000000000e+00
1.324670731707319646e+02 1.086230000000000029e+00 1.000000000000000000e+00 0.000000000000000000e+00
1.326447688564494172e+02 1.090340000000000087e+00 1.000000000000000000e+00 0.000000000000000000e+00
1.328216019417507425e+02 1.094449999999999923e+00 1.000000000000000000e+00 0.000000000000000000e+00
1.329999999999974705e+02 1.098579999999999890e+00 1.000000000000000000e+00 0.000000000000000000e+00
1.333385731559855003e+02 1.102710000000000079e+00 1.000000000000000000e+00 0.000000000000000000e+00
1.335162846803392256e+02 1.106849999999999890e+00 1.000000000000000000e+00 0.000000000000000000e+00
1.338554216867438242e+02 1.110999999999999988e+00 1.000000000000000000e+00 0.000000000000000000e+00
1.340324519230752287e+02 1.115150000000000086e+00 1.000000000000000000e+00 0.000000000000000000e+00
1.342110311750597305e+02 1.119320000000000093e+00 1.000000000000000000e+00 0.000000000000000000e+00
1.345497005988046908e+02 1.123490000000000100e+00 1.000000000000000000e+00 0.000000000000000000e+00
1.347275985663084157e+02 1.127669999999999950e+00 1.000000000000000000e+00 0.000000000000000000e+00
1.350668257756554738e+02 1.131860000000000088e+00 1.000000000000000000e+00 0.000000000000000000e+00
1.354052443384998696e+02 1.136050000000000004e+00 1.000000000000000000e+00 0.000000000000000000e+00
1.355826397146249747e+02 1.140249999999999986e+00 1.000000000000000000e+00 0.000000000000000000e+00
1.359216152018987316e+02 1.144460000000000033e+00 1.000000000000000000e+00 0.000000000000000000e+00
1.362597864768693512e+02 1.148670000000000080e+00 1.000000000000000000e+00 0.000000000000000000e+00
1.364366863905350158e+02 1.152889999999999970e+00 1.000000000000000000e+00 0.000000000000000000e+00
1.367754137115817343e+02 1.157119999999999926e+00 1.000000000000000000e+00 0.000000000000000000e+00
1.371133412042506734e+02 1.161350000000000104e+00 1.000000000000000000e+00 0.000000000000000000e+00
1.374516509433991303e+02 1.165589999999999904e+00 1.000000000000000000e+00 0.000000000000000000e+00
1.377891637220241421e+02 1.169829999999999925e+00 1.000000000000000000e+00 0.000000000000000000e+00
1.381270588235265961e+02 1.174080000000000013e+00 1.000000000000000000e+00 0.000000000000000000e+00
1.384641598119856383e+02 1.178330000000000100e+00 1.000000000000000000e+00 0.000000000000000000e+00
1.386389214536940528e+02 1.182590000000000030e+00 1.000000000000000000e+00 0.000000000000000000e+00
1.391395076201653183e+02 1.186860000000000026e+00 1.000000000000000000e+00 0.000000000000000000e+00
1.396389214536940528e+02 1.191119999999999957e+00 1.000000000000000000e+00 0.000000000000000000e+00
1.398116959064317939e+02 1.195389999999999953e+00 1.000000000000000000e+00 0.000000000000000000e+00
1.401483644859793003e+02 1.199670000000000014e+00 1.000000000000000000e+00 0.000000000000000000e+00
1.406483644859829383e+02 1.203950000000000076e+00 1.000000000000000000e+00 0.000000000000000000e+00
1.409836639439912176e+02 1.208229999999999915e+00 1.000000000000000000e+00 0.000000000000000000e+00
1.413193473193468037e+02 1.212520000000000042e+00 1.000000000000000000e+00 0.000000000000000000e+00
1.418193473193467753e+02 1.216809999999999947e+00 1.000000000000000000e+00 0.000000000000000000e+00
1.421536670547131678e+02 1.221100000000000074e+00 1.000000000000000000e+00 0.000000000000000000e+00
1.426542491268938022e+02 1.225400000000000045e+00 1.000000000000000000e+00 0.000000000000000000e+00
1.431536670547168626e+02 1.229689999999999950e+00 1.000000000000000000e+00 0.000000000000000000e+00
1.433205574912890938e+02 1.233989999999999920e+00 1.000000000000000000e+00 0.000000000000000000e+00
1.438211382113819923e+02 1.238299999999999956e+00 1.000000000000000000e+00 0.000000000000000000e+00
1.443205574912890938e+02 1.242599999999999927e+00 1.000000000000000000e+00 0.000000000000000000e+00
1.446531322505788353e+02 1.246909999999999963e+00 1.000000000000000000e+00 0.000000000000000000e+00
1.451531322505788353e+02 1.251219999999999999e+00 1.000000000000000000e+00 0.000000000000000000e+00
1.456531322505788353e+02 1.255530000000000035e+00 1.000000000000000000e+00 0.000000000000000000e+00
1.459837775202795456e+02 1.259840000000000071e+00 1.000000000000000000e+00 0.000000000000000000e+00
1.464843568945553045e+02 1.264159999999999950e+00 1.000000000000000000e+00 0.000000000000000000e+00
1.469837775202757655e+02 1.268469999999999986e+00 1.000000000000000000e+00 0.000000000000000000e+00
1.474843568945553329e+02 1.272790000000000088e+00 1.000000000000000000e+00 0.000000000000000000e+00
1.479837775202795456e+02 1.277099999999999902e+00 1.000000000000000000e+00 0.000000000000000000e+00
1.483124999999965041e+02 1.281420000000000003e+00 1.000000000000000000e+00 0.000000000000000000e+00
1.488125000000003411e+02 1.285740000000000105e+00 1.000000000000000000e+00 0.000000000000000000e+00
1.494855156431069076e+02 1.290059999999999985e+00 1.000000000000000000e+00 0.000000000000000000e+00
1.499849362688311487e+02 1.294370000000000021e+00 1.000000000000000000e+00 0.000000000000000000e+00
1.503113425925929221e+02 1.298689999999999900e+00 1.000000000000000000e+00 0.000000000000000000e+00
1.508113425925890567e+02 1.303010000000000002e+00 1.000000000000000000e+00 0.000000000000000000e+00
1.513113425925929505e+02 1.307330000000000103e+00 1.000000000000000000e+00 0.000000000000000000e+00
1.519872537659342697e+02 1.311649999999999983e+00 1.000000000000000000e+00 0.000000000000000000e+00
1.524866743916585108e+02 1.315960000000000019e+00 1.000000000000000000e+00 0.000000000000000000e+00
1.529872537659342697e+02 1.320279999999999898e+00 1.000000000000000000e+00 0.000000000000000000e+00
1.534866743916545602e+02 1.324589999999999934e+00 1.000000000000000000e+00 0.000000000000000000e+00
1.539872537659303475e+02 1.328910000000000036e+00 1.000000000000000000e+00 0.000000000000000000e+00
1.546658932714604191e+02 1.333220000000000072e+00 1.000000000000000000e+00 0.000000000000000000e+00
1.551658932714644266e+02 1.337530000000000108e+00 1.000000000000000000e+00 0.000000000000000000e+00
1.556658932714644266e+02 1.341839999999999922e+00 1.000000000000000000e+00 0.000000000000000000e+00
1.041911764705878909e+02 1.346149999999999958e+00 1.000000000000000000e+00 0.000000000000000000e+00
7.871934921557257780e+01 1.354759999999999964e+00 1.000000000000000000e+00 0.000000000000000000e+00
1.056868217054252597e+02 1.363359999999999905e+00 1.000000000000000000e+00 0.000000000000000000e+00
1.592153667054696768e+02 1.367660000000000098e+00 1.000000000000000000e+00 0.000000000000000000e+00
7.990390215492180914e+01 1.371950000000000003e+00 1.000000000000000000e+00 0.000000000000000000e+00
6.459095149253759871e+01 1.384830000000000005e+00 1.000000000000000000e+00 0.000000000000000000e+00
1.085194704049847303e+02 1.393389999999999906e+00 1.000000000000000000e+00 0.000000000000000000e+00
8.173508771929769523e+01 1.397669999999999968e+00 1.000000000000000000e+00 0.000000000000000000e+00
4.725259631490798284e+01 1.410490000000000022e+00 1.000000000000000000e+00 0.000000000000000000e+00
6.708270676691739709e+01 1.427519999999999900e+00 1.000000000000000000e+00 0.000000000000000000e+00
1.684435294117612614e+02 1.431769999999999987e+00 1.000000000000000000e+00 0.000000000000000000e+00
1.128059701492545486e+02 1.436020000000000074e+00 1.000000000000000000e+00 0.000000000000000000e+00
1.136506687647521687e+02 1.444499999999999895e+00 1.000000000000000000e+00 0.000000000000000000e+00
1.712446808510611334e+02 1.448730000000000073e+00 1.000000000000000000e+00 0.000000000000000000e+00
1.719479289940859701e+02 1.452960000000000029e+00 1.000000000000000000e+00 0.000000000000000000e+00
1.726516587677724317e+02 1.457179999999999920e+00 1.000000000000000000e+00 0.000000000000000000e+00
1.731516587677724601e+02 1.461400000000000032e+00 1.000000000000000000e+00 0.000000000000000000e+00
1.738576512455528871e+02 1.465619999999999923e+00 1.000000000000000000e+00 0.000000000000000000e+00
1.747717003567175880e+02 1.469829999999999970e+00 1.000000000000000000e+00 0.000000000000000000e+00
1.754797619047626824e+02 1.474029999999999951e+00 1.000000000000000000e+00 0.000000000000000000e+00
1.759797619047626824e+02 1.478229999999999933e+00 1.000000000000000000e+00 0.000000000000000000e+00
1.766901072705576610e+02 1.482429999999999914e+00 1.000000000000000000e+00 0.000000000000000000e+00
1.776129032258066900e+02 1.486620000000000053e+00 1.000000000000000000e+00 0.000000000000000000e+00
1.783253588516762704e+02 1.490799999999999903e+00 1.000000000000000000e+00 0.000000000000000000e+00
1.788253588516715240e+02 1.494979999999999976e+00 1.000000000000000000e+00 0.000000000000000000e+00
1.795401197604773245e+02 1.499160000000000048e+00 1.000000000000000000e+00 0.000000000000000000e+00
1.804717887154873210e+02 1.503330000000000055e+00 1.000000000000000000e+00 0.000000000000000000e+00
1.811887019230794635e+02 1.507489999999999997e+00 1.000000000000000000e+00 0.000000000000000000e+00
1.819073405535490622e+02 1.511649999999999938e+00 1.000000000000000000e+00 0.000000000000000000e+00
1.826265060240969547e+02 1.515800000000000036e+00 1.000000000000000000e+00 0.000000000000000000e+00
1.833474065138741480e+02 1.519949999999999912e+00 1.000000000000000000e+00 0.000000000000000000e+00
1.840688405797086773e+02 1.524089999999999945e+00 1.000000000000000000e+00 0.000000000000000000e+00
1.847920193470374954e+02 1.528229999999999977e+00 1.000000000000000000e+00 0.000000000000000000e+00
1.857406060606040228e+02 1.532359999999999944e+00 1.000000000000000000e+00 0.000000000000000000e+00
1.864660194174751666e+02 1.536480000000000068e+00 1.000000000000000000e+00 0.000000000000000000e+00
1.871931956257603247e+02 1.540599999999999969e+00 1.000000000000000000e+00 0.000000000000000000e+00
1.879209245742065946e+02 1.544710000000000027e+00 1.000000000000000000e+00 0.000000000000000000e+00
1.886504263093776501e+02 1.548820000000000086e+00 1.000000000000000000e+00 0.000000000000000000e+00
1.893804878048784133e+02 1.552920000000000078e+00 1.000000000000000000e+00 0.000000000000000000e+00
1.901123321123340020e+02 1.557020000000000071e+00 1.000000000000000000e+00 0.000000000000000000e+00
1.910783353733167758e+02 1.561109999999999998e+00 1.000000000000000000e+00 0.000000000000000000e+00
1.920478527607338037e+02 1.565190000000000081e+00 1.000000000000000000e+00 0.000000000000000000e+00
1.925472392638065458e+02 1.569260000000000099e+00 1.000000000000000000e+00 0.000000000000000000e+00
1.932850122850167054e+02 1.573339999999999961e+00 1.000000000000000000e+00 0.000000000000000000e+00
1.942610837438393219e+02 1.577399999999999913e+00 1.000000000000000000e+00 0.000000000000000000e+00
1.950012330456212055e+02 1.581460000000000088e+00 1.000000000000000000e+00 0.000000000000000000e+00
1.959839307787408700e+02 1.585509999999999975e+00 1.000000000000000000e+00 0.000000000000000000e+00
1.967264851485127224e+02 1.589550000000000018e+00 1.000000000000000000e+00 0.000000000000000000e+00
1.972264851485127224e+02 1.593590000000000062e+00 1.000000000000000000e+00 0.000000000000000000e+00
1.982171215880904356e+02 1.597630000000000106e+00 1.000000000000000000e+00 0.000000000000000000e+00
1.992101990049794722e+02 1.601650000000000018e+00 1.000000000000000000e+00 0.000000000000000000e+00
1.997101990049739584e+02 1.605669999999999931e+00 1.000000000000000000e+00 0.000000000000000000e+00
2.007094763092234757e+02 1.609690000000000065e+00 1.000000000000000000e+00 0.000000000000000000e+00
2.014594257178564476e+02 1.613690000000000069e+00 1.000000000000000000e+00 0.000000000000000000e+00
2.022124999999998067e+02 1.617699999999999916e+00 1.000000000000000000e+00 0.000000000000000000e+00
2.032192982456115544e+02 1.621690000000000076e+00 1.000000000000000000e+00 0.000000000000000000e+00
2.039749058971133593e+02 1.625680000000000014e+00 1.000000000000000000e+00 0.000000000000000000e+00
2.049886792452855673e+02 1.629660000000000108e+00 1.000000000000000000e+00 0.000000000000000000e+00
2.057468513853946774e+02 1.633629999999999916e+00 1.000000000000000000e+00 0.000000000000000000e+00
2.065069356872637343e+02 1.637599999999999945e+00 1.000000000000000000e+00 0.000000000000000000e+00
2.072676767676728389e+02 1.641559999999999908e+00 1.000000000000000000e+00 0.000000000000000000e+00
2.080303413400736758e+02 1.645520000000000094e+00 1.000000000000000000e+00 0.000000000000000000e+00
2.090583016476565206e+02 1.649469999999999992e+00 1.000000000000000000e+00 0.000000000000000000e+00
2.098236040609108102e+02 1.653410000000000046e+00 1.000000000000000000e+00 0.000000000000000000e+00
2.108587786259548125e+02 1.657350000000000101e+00 1.000000000000000000e+00 0.000000000000000000e+00
2.116267515923590565e+02 1.661270000000000024e+00 1.000000000000000000e+00 0.000000000000000000e+00
2.123979591836715883e+02 1.665200000000000014e+00 1.000000000000000000e+00 0.000000000000000000e+00
2.134411764705899373e+02 1.669110000000000094e+00 1.000000000000000000e+00 0.000000000000000000e+00
2.142151088348306303e+02 1.673019999999999952e+00 1.000000000000000000e+00 0.000000000000000000e+00
2.149897435897427727e+02 1.676919999999999966e+00 1.000000000000000000e+00 0.000000000000000000e+00
2.157663671373565819e+02 1.680819999999999981e+00 1.000000000000000000e+00 0.000000000000000000e+00
2.168223938223922858e+02 1.684709999999999930e+00 1.000000000000000000e+00 0.000000000000000000e+00
2.176018041237116449e+02 1.688590000000000035e+00 1.000000000000000000e+00 0.000000000000000000e+00
2.183832258064537655e+02 1.692469999999999919e+00 1.000000000000000000e+00 0.000000000000000000e+00
2.194489003880979112e+02 1.696339999999999959e+00 1.000000000000000000e+00 0.000000000000000000e+00
2.202331606217630906e+02 1.700199999999999934e+00 1.000000000000000000e+00 0.000000000000000000e+00
2.210194552529152361e+02 1.704059999999999908e+00 1.000000000000000000e+00 0.000000000000000000e+00
2.220949284785378950e+02 1.707910000000000039e+00 1.000000000000000000e+00 0.000000000000000000e+00
2.228841145833359860e+02 1.711750000000000105e+00 1.000000000000000000e+00 0.000000000000000000e+00
2.236753585397698600e+02 1.715589999999999948e+00 1.000000000000000000e+00 0.000000000000000000e+00
2.244673629242819857e+02 1.719419999999999948e+00 1.000000000000000000e+00 0.000000000000000000e+00
2.252614379084920984e+02 1.723249999999999948e+00 1.000000000000000000e+00 0.000000000000000000e+00
2.263525557011788010e+02 1.727070000000000105e+00 1.000000000000000000e+00 0.000000000000000000e+00
2.274480946123553053e+02 1.730879999999999974e+00 1.000000000000000000e+00 0.000000000000000000e+00
2.282473684210511067e+02 1.734680000000000000e+00 1.000000000000000000e+00 0.000000000000000000e+00
2.290487483530966131e+02 1.738480000000000025e+00 1.000000000000000000e+00 0.000000000000000000e+00
2.298509234828520107e+02 1.742269999999999985e+00 1.000000000000000000e+00 0.000000000000000000e+00
2.306552179656515591e+02 1.746059999999999945e+00 1.000000000000000000e+00 0.000000000000000000e+00
2.317668874172202322e+02 1.749840000000000062e+00 1.000000000000000000e+00 0.000000000000000000e+00
2.325742705570328610e+02 1.753609999999999891e+00 1.000000000000000000e+00 0.000000000000000000e+00
2.333837981407691018e+02 1.757379999999999942e+00 1.000000000000000000e+00 0.000000000000000000e+00
2.345059920106484697e+02 1.761139999999999928e+00 1.000000000000000000e+00 0.000000000000000000e+00
2.353186666666647113e+02 1.764890000000000070e+00 1.000000000000000000e+00 0.000000000000000000e+00
2.361335113484647366e+02 1.768639999999999990e+00 1.000000000000000000e+00 0.000000000000000000e+00
2.369491978609647447e+02 1.772380000000000067e+00 1.000000000000000000e+00 0.000000000000000000e+00
2.377670682730966405e+02 1.776119999999999921e+00 1.000000000000000000e+00 0.000000000000000000e+00
2.389060402684506244e+02 1.779849999999999932e+00 1.000000000000000000e+00 0.000000000000000000e+00
2.397271505376307630e+02 1.783570000000000100e+00 1.000000000000000000e+00 0.000000000000000000e+00
2.405504710632627052e+02 1.787290000000000045e+00 1.000000000000000000e+00 0.000000000000000000e+00
2.417004048583023064e+02 1.790999999999999925e+00 1.000000000000000000e+00 0.000000000000000000e+00
2.425270270270246158e+02 1.794699999999999962e+00 1.000000000000000000e+00 0.000000000000000000e+00
2.433558863328820223e+02 1.798399999999999999e+00 1.000000000000000000e+00 0.000000000000000000e+00
2.441856368563704791e+02 1.802089999999999970e+00 1.000000000000000000e+00 0.000000000000000000e+00
2.450176390773372930e+02 1.805779999999999941e+00 1.000000000000000000e+00 0.000000000000000000e+00
2.458505434782597661e+02 1.809460000000000068e+00 1.000000000000000000e+00 0.000000000000000000e+00
2.470217983651259033e+02 1.813139999999999974e+00 1.000000000000000000e+00 0.000000000000000000e+00
2.478581173260553214e+02 1.816799999999999971e+00 1.000000000000000000e+00 0.000000000000000000e+00
2.486980874316942334e+02 1.820470000000000033e+00 1.000000000000000000e+00 0.000000000000000000e+00
2.498794520547992306e+02 1.824119999999999964e+00 1.000000000000000000e+00 0.000000000000000000e+00
2.503794520547916136e+02 1.827769999999999895e+00 1.000000000000000000e+00 0.000000000000000000e+00
2.512235939643340714e+02 1.831420000000000048e+00 1.000000000000000000e+00 0.000000000000000000e+00
2.524154057771703208e+02 1.835059999999999913e+00 1.000000000000000000e+00 0.000000000000000000e+00
2.532630853994474762e+02 1.838689999999999936e+00 1.000000000000000000e+00 0.000000000000000000e+00
2.541131034482766040e+02 1.842319999999999958e+00 1.000000000000000000e+00 0.000000000000000000e+00
2.549640883977852752e+02 1.845939999999999914e+00 1.000000000000000000e+00 0.000000000000000000e+00
1.707811634349012024e+02 1.849560000000000093e+00 1.000000000000000000e+00 0.000000000000000000e+00
1.717641073080483238e+02 1.856770000000000032e+00 1.000000000000000000e+00 0.000000000000000000e+00
1.725760667903523142e+02 1.860370000000000079e+00 1.000000000000000000e+00 0.000000000000000000e+00
1.734029712163425643e+02 1.867550000000000043e+00 1.000000000000000000e+00 0.000000000000000000e+00
2.613324022346348556e+02 1.871140000000000025e+00 1.000000000000000000e+00 0.000000000000000000e+00
1.750429505135388126e+02 1.874710000000000099e+00 1.000000000000000000e+00 0.000000000000000000e+00
1.758738317757020582e+02 1.881850000000000023e+00 1.000000000000000000e+00 0.000000000000000000e+00
2.648047752808982978e+02 1.885410000000000030e+00 1.000000000000000000e+00 0.000000000000000000e+00
2.656779184247557737e+02 1.888970000000000038e+00 1.000000000000000000e+00 0.000000000000000000e+00
2.669280677009857641e+02 1.892519999999999980e+00 1.000000000000000000e+00 0.000000000000000000e+00
2.678050847457636792e+02 1.896060000000000079e+00 1.000000000000000000e+00 0.000000000000000000e+00
2.683050847457636223e+02 1.899599999999999955e+00 1.000000000000000000e+00 0.000000000000000000e+00
2.691852899575621905e+02 1.903140000000000054e+00 1.000000000000000000e+00 0.000000000000000000e+00
2.704496453900708843e+02 1.906670000000000087e+00 1.000000000000000000e+00 0.000000000000000000e+00
2.713338068181843141e+02 1.910190000000000055e+00 1.000000000000000000e+00 0.000000000000000000e+00
2.722204836415413070e+02 1.913710000000000022e+00 1.000000000000000000e+00 0.000000000000000000e+00
2.731082621082611013e+02 1.917219999999999924e+00 1.000000000000000000e+00 0.000000000000000000e+00
2.739985734664693382e+02 1.920730000000000048e+00 1.000000000000000000e+00 0.000000000000000000e+00
2.748900000000041359e+02 1.924230000000000107e+00 1.000000000000000000e+00 0.000000000000000000e+00
2.757839771101640736e+02 1.927729999999999944e+00 1.000000000000000000e+00 0.000000000000000000e+00
2.766790830945564039e+02 1.931219999999999937e+00 1.000000000000000000e+00 0.000000000000000000e+00
2.775767575322755079e+02 1.934709999999999930e+00 1.000000000000000000e+00 0.000000000000000000e+00
2.784755747126405936e+02 1.938190000000000079e+00 1.000000000000000000e+00 0.000000000000000000e+00
2.793769784172657182e+02 1.941670000000000007e+00 1.000000000000000000e+00 0.000000000000000000e+00
2.802795389049013011e+02 1.945140000000000091e+00 1.000000000000000000e+00 0.000000000000000000e+00
2.811847041847090054e+02 1.948609999999999953e+00 1.000000000000000000e+00 0.000000000000000000e+00
2.820910404624262355e+02 1.952069999999999972e+00 1.000000000000000000e+00 0.000000000000000000e+00
2.830000000000011369e+02 1.955529999999999990e+00 1.000000000000000000e+00 0.000000000000000000e+00
2.839101449275401023e+02 1.958979999999999944e+00 1.000000000000000000e+00 0.000000000000000000e+00
2.848229317851933047e+02 1.962429999999999897e+00 1.000000000000000000e+00 0.000000000000000000e+00
2.857369186046512937e+02 1.965870000000000006e+00 1.000000000000000000e+00 0.000000000000000000e+00
2.862369186046512368e+02 1.969309999999999894e+00 1.000000000000000000e+00 0.000000000000000000e+00
2.871542940320168782e+02 1.972750000000000004e+00 1.000000000000000000e+00 0.000000000000000000e+00
2.884934306569333557e+02 1.976180000000000048e+00 1.000000000000000000e+00 0.000000000000000000e+00
2.894152046783643755e+02 1.979600000000000026e+00 1.000000000000000000e+00 0.000000000000000000e+00
2.903396778916590506e+02 1.983020000000000005e+00 1.000000000000000000e+00 0.000000000000000000e+00
2.912653958944260921e+02 1.986429999999999918e+00 1.000000000000000000e+00 0.000000000000000000e+00
2.917653958944260921e+02 1.989840000000000053e+00 1.000000000000000000e+00 0.000000000000000000e+00
2.926945668135102778e+02 1.993249999999999966e+00 1.000000000000000000e+00 0.000000000000000000e+00
2.940574374079592985e+02 1.996650000000000036e+00 1.000000000000000000e+00 0.000000000000000000e+00
2.949911504424871396e+02 2.000039999999999818e+00 1.000000000000000000e+00 0.000000000000000000e+00
2.954911504424774762e+02 2.003429999999999822e+00 1.000000000000000000e+00 0.000000000000000000e+00
2.964283604135724204e+02 2.006819999999999826e+00 1.000000000000000000e+00 0.000000000000000000e+00
2.973668639053113338e+02 2.010200000000000209e+00 1.000000000000000000e+00 0.000000000000000000e+00
2.983081481481564765e+02 2.013580000000000148e+00 1.000000000000000000e+00 0.000000000000000000e+00
2.992507418397738661e+02 2.016950000000000021e+00 1.000000000000000000e+00 0.000000000000000000e+00
3.001961367013317385e+02 2.020319999999999894e+00 1.000000000000000000e+00 0.000000000000000000e+00
3.011428571428544956e+02 2.023680000000000145e+00 1.000000000000000000e+00 0.000000000000000000e+00
3.020923994038751061e+02 2.027039999999999953e+00 1.000000000000000000e+00 0.000000000000000000e+00
3.030432835820928403e+02 2.030390000000000139e+00 1.000000000000000000e+00 0.000000000000000000e+00
3.035432835820927835e+02 2.033739999999999881e+00 1.000000000000000000e+00 0.000000000000000000e+00
3.044977578475196651e+02 2.037090000000000067e+00 1.000000000000000000e+00 0.000000000000000000e+00
3.054535928143805563e+02 2.040430000000000188e+00 1.000000000000000000e+00 0.000000000000000000e+00
3.064122938530857709e+02 2.043769999999999865e+00 1.000000000000000000e+00 0.000000000000000000e+00
3.078345864661633300e+02 2.047099999999999920e+00 1.000000000000000000e+00 0.000000000000000000e+00
3.083338345864640928e+02 2.050419999999999909e+00 1.000000000000000000e+00 0.000000000000000000e+00
3.092996987951817118e+02 2.053749999999999964e+00 1.000000000000000000e+00 0.000000000000000000e+00
3.102654600301699475e+02 2.057059999999999889e+00 1.000000000000000000e+00 0.000000000000000000e+00
3.112356495468140452e+02 2.060379999999999878e+00 1.000000000000000000e+00 0.000000000000000000e+00
3.122057488653448445e+02 2.063680000000000181e+00 1.000000000000000000e+00 0.000000000000000000e+00
3.127065052950178483e+02 2.066990000000000105e+00 1.000000000000000000e+00 0.000000000000000000e+00
3.141562974203292811e+02 2.070289999999999964e+00 1.000000000000000000e+00 0.000000000000000000e+00
3.151337386018223015e+02 2.073580000000000201e+00 1.000000000000000000e+00 0.000000000000000000e+00
3.156337386018435609e+02 2.076869999999999994e+00 1.000000000000000000e+00 0.000000000000000000e+00
3.166149162861508444e+02 2.080159999999999787e+00 1.000000000000000000e+00 0.000000000000000000e+00
3.175975609755931259e+02 2.083439999999999959e+00 1.000000000000000000e+00 0.000000000000000000e+00
3.185832061068783219e+02 2.086720000000000130e+00 1.000000000000000000e+00 0.000000000000000000e+00
3.195703363914486204e+02 2.089989999999999792e+00 1.000000000000000000e+00 0.000000000000000000e+00
3.205604900459345572e+02 2.093259999999999899e+00 1.000000000000000000e+00 0.000000000000000000e+00
3.215521472392597957e+02 2.096519999999999939e+00 1.000000000000000000e+00 0.000000000000000000e+00
3.220521472392597957e+02 2.099779999999999980e+00 1.000000000000000000e+00 0.000000000000000000e+00
3.230476190476182410e+02 2.103040000000000020e+00 1.000000000000000000e+00 0.000000000000000000e+00
3.245439137134110297e+02 2.106289999999999996e+00 1.000000000000000000e+00 0.000000000000000000e+00
3.255447530864288410e+02 2.109529999999999905e+00 1.000000000000000000e+00 0.000000000000000000e+00
3.260447530864065016e+02 2.112769999999999815e+00 1.000000000000000000e+00 0.000000000000000000e+00
3.270494590417210929e+02 2.116010000000000169e+00 1.000000000000000000e+00 0.000000000000000000e+00
3.280557275541954141e+02 2.119240000000000013e+00 1.000000000000000000e+00 0.000000000000000000e+00
3.290651162790663307e+02 2.122469999999999857e+00 1.000000000000000000e+00 0.000000000000000000e+00
3.300760869565216922e+02 2.125690000000000079e+00 1.000000000000000000e+00 0.000000000000000000e+00
3.310902021772972148e+02 2.128909999999999858e+00 1.000000000000000000e+00 0.000000000000000000e+00
3.321059190030990180e+02 2.132120000000000015e+00 1.000000000000000000e+00 0.000000000000000000e+00
3.331248049922098744e+02 2.135330000000000172e+00 1.000000000000000000e+00 0.000000000000000000e+00
3.341453125000135742e+02 2.138529999999999820e+00 1.000000000000000000e+00 0.000000000000000000e+00
3.346453124999903821e+02 2.141729999999999912e+00 1.000000000000000000e+00 0.000000000000000000e+00
3.356697965571142959e+02 2.144930000000000003e+00 1.000000000000000000e+00 0.000000000000000000e+00
3.372244897959190553e+02 2.148120000000000029e+00 1.000000000000000000e+00 0.000000000000000000e+00
3.382547169811362551e+02 2.151299999999999990e+00 1.000000000000000000e+00 0.000000000000000000e+00
3.387547169811362551e+02 2.154479999999999951e+00 1.000000000000000000e+00 0.000000000000000000e+00
3.397889763779604664e+02 2.157659999999999911e+00 1.000000000000000000e+00 0.000000000000000000e+00
3.408249211356340425e+02 2.160829999999999806e+00 1.000000000000000000e+00 0.000000000000000000e+00
3.418641390205280572e+02 2.164000000000000146e+00 1.000000000000000000e+00 0.000000000000000000e+00
3.434484944532467239e+02 2.167159999999999975e+00 1.000000000000000000e+00 0.000000000000000000e+00
3.439477020602198536e+02 2.170310000000000183e+00 1.000000000000000000e+00 0.000000000000000000e+00
3.449952380952396425e+02 2.173470000000000013e+00 1.000000000000000000e+00 0.000000000000000000e+00
3.460429252782245726e+02 2.176610000000000156e+00 1.000000000000000000e+00 0.000000000000000000e+00
3.470955414012826736e+02 2.179759999999999920e+00 1.000000000000000000e+00 0.000000000000000000e+00
3.481483253588394859e+02 2.182889999999999997e+00 1.000000000000000000e+00 0.000000000000000000e+00
3.492060702875313609e+02 2.186030000000000140e+00 1.000000000000000000e+00 0.000000000000000000e+00
3.502640000000199620e+02 2.189150000000000151e+00 1.000000000000000000e+00 0.000000000000000000e+00
3.507648000000199318e+02 2.192279999999999784e+00 1.000000000000000000e+00 0.000000000000000000e+00
3.523916532905069516e+02 2.195399999999999796e+00 1.000000000000000000e+00 0.000000000000000000e+00
3.534581993568941130e+02 2.198510000000000186e+00 1.000000000000000000e+00 0.000000000000000000e+00
1.775500000000004945e+02 2.201620000000000132e+00 1.000000000000000000e+00 0.000000000000000000e+00
1.785872374798085218e+02 2.210910000000000153e+00 1.000000000000000000e+00 0.000000000000000000e+00
3.582524271844874306e+02 2.213999999999999968e+00 1.000000000000000000e+00 0.000000000000000000e+00
3.593338735818471150e+02 2.217089999999999783e+00 1.000000000000000000e+00 0.000000000000000000e+00
3.610032520325014502e+02 2.220169999999999977e+00 1.000000000000000000e+00 0.000000000000000000e+00
3.620912052117374742e+02 2.223240000000000105e+00 1.000000000000000000e+00 0.000000000000000000e+00
3.631827079934896574e+02 2.226309999999999789e+00 1.000000000000000000e+00 0.000000000000000000e+00
3.642761437908421840e+02 2.229369999999999852e+00 1.000000000000000000e+00 0.000000000000000000e+00
3.653731587561338756e+02 2.232429999999999914e+00 1.000000000000000000e+00 0.000000000000000000e+00
3.664721311475412904e+02 2.235479999999999912e+00 1.000000000000000000e+00 0.000000000000000000e+00
3.669721311475412904e+02 2.238529999999999909e+00 1.000000000000000000e+00 0.000000000000000000e+00
3.686809210526129164e+02 2.241579999999999906e+00 1.000000000000000000e+00 0.000000000000000000e+00
3.697874794069045947e+02 2.244610000000000216e+00 1.000000000000000000e+00 0.000000000000000000e+00
3.702883031301606138e+02 2.247650000000000148e+00 1.000000000000000000e+00 0.000000000000000000e+00
1.863145695364293033e+02 2.250680000000000014e+00 1.000000000000000000e+00 0.000000000000000000e+00
1.873739635157551788e+02 2.259729999999999794e+00 1.000000000000000000e+00 0.000000000000000000e+00
2.511365149833405042e+02 2.262739999999999974e+00 1.000000000000000000e+00 0.000000000000000000e+00
2.523626251390481343e+02 2.268740000000000201e+00 1.000000000000000000e+00 0.000000000000000000e+00
3.805242881072289833e+02 2.271729999999999805e+00 1.000000000000000000e+00 0.000000000000000000e+00
2.544418344518903723e+02 2.274709999999999788e+00 1.000000000000000000e+00 0.000000000000000000e+00
2.553941769316816135e+02 2.280670000000000197e+00 1.000000000000000000e+00 0.000000000000000000e+00
3.844511784511892074e+02 2.283640000000000114e+00 1.000000000000000000e+00 0.000000000000000000e+00
2.575011261261261666e+02 2.286610000000000031e+00 1.000000000000000000e+00 0.000000000000000000e+00
1.941168501270093998e+02 2.292520000000000113e+00 1.000000000000000000e+00 0.000000000000000000e+00
2.600022624434466820e+02 2.298420000000000130e+00 1.000000000000000000e+00 0.000000000000000000e+00
3.920545144804208917e+02 2.301359999999999850e+00 1.000000000000000000e+00 0.000000000000000000e+00
3.932235494880412716e+02 2.304289999999999949e+00 1.000000000000000000e+00 0.000000000000000000e+00
3.937235494880412716e+02 2.307220000000000049e+00 1.000000000000000000e+00 0.000000000000000000e+00
2.637157534246545083e+02 2.310150000000000148e+00 1.000000000000000000e+00 0.000000000000000000e+00
2.649862700228842414e+02 2.315980000000000150e+00 1.000000000000000000e+00 0.000000000000000000e+00
3.991204819277197657e+02 2.318890000000000118e+00 1.000000000000000000e+00 0.000000000000000000e+00
4.003086206896686008e+02 2.321790000000000020e+00 1.000000000000000000e+00 0.000000000000000000e+00
2.675132336018385217e+02 2.324689999999999923e+00 1.000000000000000000e+00 0.000000000000000000e+00
2.687981545559414371e+02 2.330480000000000107e+00 1.000000000000000000e+00 0.000000000000000000e+00
1.623771746694503122e+02 2.333359999999999879e+00 1.000000000000000000e+00 0.000000000000000000e+00
1.634041811846655037e+02 2.344850000000000101e+00 1.000000000000000000e+00 0.000000000000000000e+00
4.111576182136528246e+02 2.347710000000000186e+00 1.000000000000000000e+00 0.000000000000000000e+00
4.123789473684504401e+02 2.350560000000000205e+00 1.000000000000000000e+00 0.000000000000000000e+00
4.128789473684503832e+02 2.353409999999999780e+00 1.000000000000000000e+00 0.000000000000000000e+00
4.141054481546269130e+02 2.356259999999999799e+00 1.000000000000000000e+00 0.000000000000000000e+00
4.153345070422278695e+02 2.359100000000000197e+00 1.000000000000000000e+00 0.000000000000000000e+00
4.165679012345795513e+02 2.361940000000000150e+00 1.000000000000000000e+00 0.000000000000000000e+00
2.788643867924513984e+02 2.364770000000000039e+00 1.000000000000000000e+00 0.000000000000000000e+00
2.101436170212732861e+02 2.370420000000000194e+00 1.000000000000000000e+00 0.000000000000000000e+00
2.815225118483485858e+02 2.376050000000000217e+00 1.000000000000000000e+00 0.000000000000000000e+00
2.120196078431413014e+02 2.378859999999999975e+00 1.000000000000000000e+00 0.000000000000000000e+00
1.422687723480313480e+02 2.387270000000000003e+00 1.000000000000000000e+00 0.000000000000000000e+00
2.146630824372791437e+02 2.395640000000000214e+00 1.000000000000000000e+00 0.000000000000000000e+00
4.305978456014647691e+02 2.398429999999999840e+00 1.000000000000000000e+00 0.000000000000000000e+00
4.318723021582726460e+02 2.401209999999999845e+00 1.000000000000000000e+00 0.000000000000000000e+00
4.331513513513556859e+02 2.403989999999999849e+00 1.000000000000000000e+00 0.000000000000000000e+00
1.738988439306348823e+02 2.406759999999999788e+00 1.000000000000000000e+00 0.000000000000000000e+00
1.092064137308026375e+02 2.417829999999999924e+00 1.000000000000000000e+00 0.000000000000000000e+00
